[gd_scene load_steps=6 format=2]

[ext_resource path="res://prefabs/cursor.tscn" type="PackedScene" id=1]
[ext_resource path="res://scripts/player.gd" type="Script" id=2]
[ext_resource path="res://scripts/camera.gd" type="Script" id=3]
[ext_resource path="res://materials/ground_material.tres" type="Material" id=4]

[sub_resource type="PlaneMesh" id=1]
size = Vector2( 20, 20 )

[node name="Scene_0" type="Spatial"]

[node name="player" type="Spatial" parent="."]
unique_name_in_owner = true
transform = Transform( 1, 0, 0, 0, 0.993221, 0.116237, 0, -0.116237, 0.993221, 0, 1.84241, 3.9846 )
script = ExtResource( 2 )

[node name="cursor" parent="." instance=ExtResource( 1 )]

[node name="DirectionalLight" type="DirectionalLight" parent="."]
transform = Transform( 0.849782, -0.362347, 0.38285, 0, 0.726287, 0.687392, -0.527134, -0.584133, 0.617186, 26.1527, 2.87832, -0.266466 )
light_color = Color( 0.960784, 0.941176, 0.878431, 1 )
light_energy = 0.5

[node name="camera" type="Camera" parent="."]
unique_name_in_owner = true
transform = Transform( 1, 0, 0, 0, 0.781923, 0.623375, 0, -0.623375, 0.781923, 0, 2.87832, 3.39335 )
script = ExtResource( 3 )

[node name="MeshInstance" type="MeshInstance" parent="."]
mesh = SubResource( 1 )
material/0 = ExtResource( 4 )
